# Wierzcholki (ID czesc)
3 0
5 1
6 2
9 0
10 1
13 2
14 0
15 1
10 2
12 0
15 1
4 2
5 0
7 1
8 2
9 0
12 1
14 2
4 0
8 1
9 2
10 0
11 1
12 2
13 0
14 1
15 2
1 0
2 1
3 2
7 0
9 1
13 2
15 0
16 1
1 2
3 0
5 1
10 2
11 0
12 1
0 2
2 0
3 1
7 2
9 0
13 1
1 2
5 0
6 1
8 2
10 0
11 1
12 2
13 0
15 1
16 2
0 0
1 1
4 2
5 0
7 1
8 2
9 0
11 1
12 2
13 0
0 1
2 2
3 0
5 1
6 2
10 0
11 1
12 2
15 0
2 1
6 2
11 0
13 1
14 2
16 0
2 1
3 2
5 0
6 1
9 2
12 0
13 1
14 2
3 0
5 1
9 2
12 0
0 1
2 2
12 0
14 1
2 2
3 0
7 1
10 2
11 0
12 1
14 2
0 0
0 1
8 2
11 0
18 1
27 2
35 0
41 1
47 2
57 0
67 1
67 2
76 0
82 1
90 2
90 0
94 1
98 2
105 0
0 1
72 2
39 0
91 1
4 2
54 0
1 1
47 2
4 0
79 1
101 2
71 0
2 1
76 2
79 0
5 1
3 2
63 0
71 1
80 2
42 0
4 1
75 2
5 0
49 1
6 2
93 0
16 1
98 2
7 0
75 1
82 2
50 0
8 1
28 2
47 0
34 1
60 2
9 0
14 1
53 2
28 0
10 1
58 2
57 0
11 1
47 2
17 0
24 1
12 2
50 0
98 1
47 2
13 0
18 1
14 2
63 0
100 1
84 2
32 0
103 1
78 2
15 0
23 1
82 2
16 0
72 1
48 2
17 0
104 1
18 2
20 0
70 1
19 2
91 0
70 1
20 2
37 0
54 1
67 2
103 0
68 1
21 2
97 0
91 1
69 2
89 0
22 1
89 2
23 0
63 1
58 2
29 0
57 1
87 2
75 0
50 1
24 2
53 0
47 1
25 2
91 0
73 1
26 2
37 0
62 1
80 2
27 0
76 1
104 2
42 0
77 1
29 2
30 0
104 1
51 2
30 0
85 1
82 2
95 0
31 1
52 2
45 0
71 1
94 2
32 0
102 1
84 2
33 0
55 1
54 2
46 0
34 1
98 2
71 0
35 1
63 2
36 0
100 1
95 2
41 0
37 1
50 2
52 0
61 1
99 2
38 0
88 1
43 2
49 0
97 1
39 2
45 0
40 1
64 2
90 0
41 1
64 2
95 0
72 1
81 2
42 0
46 1
97 2
48 0
44 1
44 2
91 0
45 1
46 2
46 0
55 1
81 2
52 0
49 1
98 2
89 0
80 1
50 2
58 0
88 1
91 2
66 0
53 1
60 2
54 0
74 1
92 2
55 0
58 1
56 2
60 0
71 1
57 2
85 0
58 1
78 2
64 0
59 1
96 2
76 0
60 1
90 2
63 0
102 1
66 2
98 0
65 1
78 2
67 0
104 1
68 2
72 0
80 1
73 2
69 0
89 1
104 2
70 0
90 1
92 2
71 0
93 1
72 2
100 0
96 1
73 2
84 0
75 1
89 2
76 0
78 1
77 2
86 0
78 1
86 2
90 0
96 1
83 2
98 0
85 1
95 2
102 0
87 1
95 2
93 0
101 1
94 2
0 0
6 1
12 2
16 0
21 1
23 2
25 0
29 1
33 2
38 0
42 1
45 2
49 0
53 1
55 2
62 0
65 1
68 2
70 0
73 1
76 2
82 0
87 1
89 2
97 0
100 1
103 2
107 0
112 1
116 2
120 0
125 1
128 2
132 0
135 1
137 2
141 0
146 1
151 2
153 0
156 1
161 2
166 0
168 1
170 2
174 0
178 1
183 2
185 0
188 1
190 2
193 0
195 1
198 2
201 0
203 1
207 2
209 0
211 1
215 2
218 0
221 1
223 2
226 0
228 1
230 2
232 0
234 1
238 2
240 0
243 1
245 2

# Krawedzie (ID1 ID2)
